# R(Angstrom)      X2Sigma+          A2Pi          B2Pi          a4Pi       4Sigma-     1_2Sigma-
   1.8900      13675.74      22941.98      84481.79           nan      93554.46      70872.14
   1.9000      12816.48      21737.42      82590.60           nan      91923.49      69529.23
   1.9333       9556.63      17190.15      75702.12           nan      86647.50      64706.91
   1.9925       5979.49      12006.07      66850.94           nan      69757.22      58204.88
   2.0517       3411.12       8043.73      59476.47           nan      61577.55      52799.97
   2.1109       1668.14       5088.01      53349.47           nan      54764.30      48329.37
   2.1701        599.39       2961.61      48274.27           nan      49138.75      44649.34
   2.2293         78.56       1516.65      44083.06           nan      44522.46      41633.41
   2.2885          0.00        629.44      40632.29           nan      40749.38      39171.76
   2.3477        275.30        196.58      37799.69           nan      37674.02      37170.09
   2.4069        831.13        131.75      35481.55           nan      35175.19      35548.27
   2.4661       1606.77        363.11      33590.25           nan      33148.55      34238.71
   2.5253       2552.25        830.90      32052.04           nan      31511.57      33184.94
   2.5845       3627.11       1485.59      30805.07           nan      29924.22      32340.05
   2.6436       4799.27       2286.17      29797.62           nan      29263.83      31665.40
   2.7028       6042.43       3198.58      28986.62           nan      28644.20      31129.15
   2.7620       7334.02       4194.04      28336.27           nan      28135.45      30705.33
   2.8212       8655.09       5248.39      27816.92           nan      27727.72      30372.28
   2.8804       9989.92       6342.97      27404.06           nan      27405.98      30112.56
   2.9396      11326.28       7463.88      27077.43           nan      27155.69      29912.20
   2.9988      12655.52       8599.65      26820.47           nan      26964.07      29760.07
   3.0580      13971.46       9740.37      26619.50           nan      26820.13      29647.43
   3.1172      15269.79      10877.63      26463.36           nan      26714.70      29567.44
   3.1764      16547.21      12004.41      26342.95           nan      26640.13      29514.95
   3.2356      17801.23      13114.91      26250.88           nan      26590.09      29486.14
   3.3540      20232.31      15267.11      26129.10           nan      26521.88      29490.34
   3.4132      21407.30      16300.50      26090.77           nan      26519.48      29521.23
   3.4724      22554.60      17300.29      26063.18           nan      26525.27      29571.44
   3.5316      23674.11      18262.65      26043.92           nan      26537.41      29642.13
   3.5908      24766.03      19183.55      26031.12           nan      26573.71      29735.21
   3.6500      25830.75      20058.64      26023.32           nan      26574.64      29853.68
   3.7092      26868.88      20882.97      26019.35           nan      26597.40      30001.07
   3.7650      27823.75      21608.63      26018.34           nan      26620.35      30170.33
   3.8100      28577.72      22154.18      26019.04           nan      26639.55      30331.07
