# R(Angstrom)      X2Sigma+          A2Pi
   1.9100       8695.65      18174.74
   1.9150       8514.58      17872.84
   1.9200       8320.41      17570.94
   1.9250       8113.22      17269.04
   1.9300       7913.28      16967.14
   1.9350       7715.28      16665.24
   1.9400       7505.04      16363.34
   1.9450       7300.29      16061.44
   1.9500       7094.50      15759.54
   1.9550       6886.59      15457.64
   1.9600       6681.02      15155.74
   1.9650       6469.95      14853.84
   1.9700       6261.17      14551.94
   1.9750       6053.28      14250.04
   1.9800       5845.96      13948.14
   1.9850       5644.62      13646.24
   1.9900       5441.81      13344.34
   1.9950       5249.14      13042.44
   2.0000       5057.28      12740.54
   2.0050       4882.06      12438.64
   2.0100       4703.99      12136.74
   2.0150       4530.33      11834.84
   2.0200       4363.86      11532.94
   2.0250       4203.51      11231.04
   2.0300       4051.36      10929.14
   2.0350       3910.18      10627.24
   2.0400       3774.53      10325.34
   2.0450       3652.22      10023.44
   2.0500       3534.50       9721.54
   2.0550       3420.83       9419.64
   2.0600       3312.12       9117.74
   2.0650       3211.83       8815.84
   2.0700       3116.36       8513.94
   2.0750       3022.46       8212.04
   2.0800       2927.94       7910.14
   2.0850       2833.67       7649.85
   2.0900       2737.77       7433.57
   2.0950       2645.37       7228.23
   2.1000       2553.58       7019.86
   2.1050       2456.92       6815.39
   2.1100       2355.32       6608.75
   2.1150       2249.45       6407.23
   2.1200       2139.26       6199.24
   2.1250       2025.67       5991.16
   2.1300       1912.57       5775.19
   2.1350       1788.79       5557.39
   2.1400       1665.48       5339.69
   2.1450       1552.85       5131.09
   2.1500       1445.16       4931.00
   2.1550       1340.60       4737.38
   2.1600       1229.21       4548.09
   2.1650       1111.44       4364.52
   2.1700       1011.21       4185.06
   2.1750        924.56       4014.84
   2.1800        850.68       3853.22
   2.1850        781.31       3698.31
   2.1900        715.23       3552.38
   2.1950        657.17       3410.01
   2.2000        602.73       3275.53
   2.2050        556.83       3149.38
   2.2100        515.51       3031.19
   2.2150        477.53       2917.88
   2.2200        439.17       2805.53
   2.2250        402.56       2694.66
   2.2300        366.26       2585.77
   2.2350        333.58       2478.87
   2.2400        303.56       2374.29
   2.2450        274.51       2271.78
   2.2500        246.98       2172.43
   2.2550        216.30       2076.77
   2.2600        185.14       1982.65
   2.2650        155.13       1891.77
   2.2700        131.25       1800.93
   2.2750        111.11       1714.00
   2.2800         91.85       1630.17
   2.2850         72.44       1550.24
   2.2900         52.16       1474.25
   2.2950         35.93       1409.12
   2.3000         24.46       1350.65
   2.3050         15.19       1288.14
   2.3100          9.12       1216.87
   2.3150          6.53       1133.43
   2.3200          4.72       1062.03
   2.3250          2.69       1004.58
   2.3300          1.38        958.73
   2.3350          0.52        915.14
   2.3400          2.28        864.15
   2.3450          7.57        815.12
   2.3500         13.08        769.67
   2.3550         17.90        727.17
   2.3600         25.54        686.14
   2.3650         33.10        646.09
   2.3700         43.50        607.01
   2.3750         55.49        569.91
   2.3800         66.70        533.77
   2.3850         82.71        500.65
   2.3900        102.50        468.77
   2.3950        129.67        439.59
   2.4000        156.83        412.19
   2.4050        184.00        386.00
   2.4100        211.17        361.93
   2.4150        238.34        341.74
   2.4200        265.51        323.48
   2.4250        292.68        307.30
   2.4300        319.85        291.08
   2.4350        347.02        273.89
   2.4400        374.19        258.67
   2.4450        401.36        245.32
   2.4500        428.52        236.98
   2.4550        455.69        230.75
   2.4600        482.86        226.51
   2.4650        510.03        222.46
   2.4700        537.20        220.17
   2.4750        564.37        218.84
   2.4800        591.54        218.84
   2.4850        618.71        218.84
   2.4900        645.88        218.84
   2.4950        673.04        219.40
   2.5000        700.21        221.42
   2.5050        727.38        227.98
   2.5100        756.03        236.08
   2.5150        789.63        244.99
   2.5200        826.53        254.34
   2.5250        866.86        262.78
   2.5300        908.76        274.23
   2.5350        952.63        286.38
   2.5400        996.88        298.76
   2.5450       1040.54        313.13
   2.5500       1084.20        328.30
   2.5550       1127.86        344.62
   2.5600       1171.52        361.90
   2.5650       1215.18        380.09
   2.5700       1258.84        399.31
   2.5750       1302.50        419.56
   2.5800       1346.16        439.88
   2.5850       1389.82        463.06
   2.5900       1433.48        485.34
   2.5950       1478.68        509.51
   2.6000       1523.94        534.02
   2.6050       1570.72        559.93
   2.6100       1619.50        587.29
   2.6150       1669.48        615.36
   2.6200       1717.94        644.07
   2.6250       1767.64        673.94
   2.6300       1815.75        703.33
   2.6350       1863.66        733.28
   2.6400       1915.49        764.25
   2.6450       1965.61        794.73
   2.6500       2018.50        827.70
   2.6550       2071.39        859.53
   2.6600       2124.28        891.94
   2.6650       2177.16        925.02
   2.6700       2230.05        958.81
   2.6750       2282.94        989.61
   2.6800       2335.83       1017.22
   2.6850       2388.71       1044.05
   2.6900       2441.60       1090.84
   2.6950       2494.49       1150.47
   2.7000       2547.38       1205.55
   2.7050       2600.26       1248.99
   2.7100       2653.15       1267.35
   2.7150       2706.04       1292.70
   2.7200       2758.93       1328.02
   2.7250       2811.82       1368.45
   2.7300       2863.66       1408.00
   2.7350       2916.57       1449.24
   2.7400       2970.55       1490.89
   2.7450       3026.82       1532.16
   2.7500       3082.78       1574.66
   2.7550       3137.73       1616.41
   2.7600       3191.62       1659.31
   2.7650       3244.64       1702.14
   2.7700       3297.67       1746.29
   2.7750       3351.23       1790.22
   2.7800       3404.79       1833.27
   2.7850       3458.34       1877.26
   2.7900       3511.90       1921.27
   2.7950       3565.45       1965.34
   2.8000       3619.01       2009.28
   2.8050       3672.56       2052.77
   2.8100       3726.12       2096.26
   2.8150       3779.68       2141.80
   2.8200       3833.23       2185.29
   2.8250       3886.79       2228.78
   2.8300       3940.34       2272.91
   2.8350       3993.90       2314.73
   2.8400       4047.45       2359.00
   2.8450       4101.18       2401.70
   2.8500       4155.99       2447.25
   2.8550       4211.74       2491.77
   2.8600       4265.50       2537.34
   2.8650       4318.22       2581.12
   2.8700       4374.81       2626.60
   2.8750       4432.22       2675.15
   2.8800       4489.09       2723.87
   2.8850       4545.28       2776.01
   2.8900       4601.27       2828.42
   2.8950       4661.32       2880.83
   2.9000       4720.83       2933.23
   2.9050       4784.31       2985.64
   2.9100       4847.01       3038.05
   2.9150       4908.01       3090.46
   2.9200       4970.20       3142.86
   2.9250       5028.50       3195.27
   2.9300       5088.80       3247.68
   2.9350       5148.72       3300.09
   2.9400       5208.65       3352.49
   2.9450       5268.09       3404.90
   2.9500       5325.82       3457.31
   2.9550       5382.88       3509.72
   2.9600       5438.23       3562.13
   2.9650       5494.19       3614.53
   2.9700       5548.64       3666.94
   2.9750       5603.93       3719.35
   2.9800       5658.22       3771.76
   2.9850       5710.00       3824.16
   2.9900       5763.54       3876.57
   2.9950       5816.57       3928.98
   3.0000       5871.53       3981.39
   3.0050       5925.93       4033.80
   3.0100       5979.32       4086.20
   3.0150       6032.70       4138.61
   3.0200       6086.50       4190.37
   3.0250       6143.80       4241.17
   3.0300       6201.26       4293.17
   3.0350       6254.81       4345.97
   3.0400       6308.79       4398.26
   3.0450       6362.02       4450.24
   3.0500       6417.06       4502.22
   3.0550       6473.20       4554.20
   3.0600       6527.13       4606.18
   3.0650       6577.07       4658.16
   3.0700       6628.37       4710.14
   3.0750       6682.39       4762.12
   3.0800       6738.46       4814.10
   3.0850       6793.91       4866.08
   3.0900       6847.38       4918.19
   3.0950       6899.13       4970.39
   3.1000       6950.21       5022.57
   3.1050       7001.90       5075.13
   3.1100       7053.15       5126.75
   3.1150       7107.29       5178.58
   3.1200       7160.96       5231.03
   3.1250       7214.43       5281.75
   3.1300       7266.61       5335.92
   3.1350       7318.31       5388.40
   3.1400       7366.25       5439.35
   3.1450       7418.65       5490.30
   3.1500       7471.47       5541.25
   3.1550       7525.76       5592.19
   3.1600       7577.61       5643.14
   3.1650       7627.67       5694.09
   3.1700       7675.55       5745.04
   3.1750       7727.37       5795.99
   3.1800       7776.94       5846.94
   3.1850       7827.92       5897.88
   3.1900       7875.22       5948.83
   3.1950       7924.06       5999.78
   3.2000       7976.00       6050.73
   3.2050       8026.87       6101.68
   3.2100       8081.15       6152.63
   3.2150       8130.72       6203.58
   3.2200       8181.93       6254.52
   3.2250       8231.79       6305.47
   3.2300       8281.13       6356.42
   3.2350       8328.95       6407.37
   3.2400       8378.69       6458.32
   3.2450       8426.57       6509.27
   3.2500       8475.33       6560.10
   3.2550       8524.65       6610.60
   3.2600       8573.19       6660.70
   3.2650       8621.79       6711.37
   3.2700       8669.15       6761.00
   3.2750       8715.91       6810.64
   3.2800       8762.70       6860.27
   3.2850       8811.17       6910.93
   3.2900       8858.88       6959.51
   3.2950       8905.44       7009.11
   3.3000       8952.35       7058.71
   3.3050       8998.80       7108.31
   3.3100       9045.36       7156.03
   3.3150       9093.01       7202.36
   3.3200       9140.81       7250.15
   3.3250       9189.06       7299.50
   3.3300       9234.67       7351.23
   3.3350       9280.98       7401.79
   3.3400       9325.33       7451.00
   3.3450       9370.11       7500.99
   3.3500       9415.52       7547.96
   3.3550       9461.07       7596.60
   3.3600       9507.35       7644.14
   3.3650       9553.35       7692.17
   3.3700       9599.21       7736.99
   3.3750       9644.05       7781.07
   3.3800       9688.02       7829.28
   3.3850       9732.14       7876.77
   3.3900       9776.13       7928.83
   3.3950       9818.67       7976.13
   3.4000       9862.18       8022.88
   3.4050       9905.50       8070.25
   3.4100       9949.13       8116.79
   3.4150       9993.56       8164.47
   3.4200      10037.45       8211.88
   3.4250      10082.97       8258.49
   3.4300      10126.36       8305.05
   3.4350      10167.28       8347.77
   3.4400      10210.36       8394.21
   3.4450      10251.99       8440.91
   3.4500      10294.42       8488.41
   3.4550      10334.61       8537.94
   3.4600      10374.06       8582.11
   3.4650      10413.88       8626.21
   3.4700      10453.70       8672.09
   3.4750      10493.52       8716.68
   3.4800      10533.34       8766.35
   3.4850      10573.15       8812.05
   3.4900      10612.97       8856.20
   3.4950      10652.79       8900.13
   3.5000      10692.61       8942.73
   3.5050      10732.43       8987.80
   3.5100      10772.25       9032.94
   3.5150      10812.06       9077.53
   3.5200      10851.88       9122.12
   3.5250      10891.70       9166.38
   3.5300      10931.52       9210.28
   3.5350      10971.34       9253.84
   3.5400      11011.16       9298.20
   3.5450      11050.97       9341.99
   3.5500      11090.79       9386.42
   3.5550      11130.61       9427.96
   3.5600      11170.43       9471.47
   3.5650      11210.25       9512.10
   3.5700      11250.07       9556.70
   3.5750      11289.88       9601.23
   3.5800      11329.70       9645.75
   3.5850      11369.52       9689.34
   3.5900      11409.34       9730.94
   3.5950      11449.16       9771.40
   3.6000      11488.98       9812.70
   3.6050      11528.80       9853.37
   3.6100      11568.61       9894.87
   3.6150      11608.43       9937.80
   3.6200      11648.90       9978.90
   3.6250      11687.09      10021.04
   3.6300      11722.64      10062.93
   3.6350      11760.02      10103.97
   3.6400      11796.58      10145.43
   3.6450      11832.29      10187.42
   3.6500      11867.81      10227.89
   3.6550      11902.56      10269.39
   3.6600      11938.34      10309.86
   3.6650      11978.10      10351.36
   3.6700      12016.57      10392.86
   3.6750      12053.87      10434.36
   3.6800      12086.85      10474.82
   3.6850      12121.58      10516.11
   3.6900      12156.14      10555.59
   3.6950      12192.13      10595.20
   3.7000      12228.79      10634.53
   3.7050      12262.18      10674.07
   3.7100      12294.42      10714.51
   3.7150      12329.24      10752.96
   3.7200      12363.66      10792.47
   3.7250      12399.66      10831.97
   3.7300      12435.10      10870.41
   3.7350      12468.34      10909.81
   3.7400      12501.13      10945.04
   3.7450      12533.66      10981.99
   3.7500      12566.67      11020.51
   3.7550      12600.19      11059.02
   3.7600      12634.24      11097.54
   3.7650      12668.50      11136.05
   3.7700      12702.76      11173.94
   3.7750      12736.89      11211.02
   3.7800      12770.25      11248.51
   3.7850      12802.75      11284.95
   3.7900      12834.38      11320.93
   3.7950      12865.57      11358.32
   3.8000      12896.67      11395.97
   3.8050      12927.81      11433.49
   3.8100      12959.75      11470.32
   3.8150      12992.10      11506.47
   3.8200      13023.57      11542.96
   3.8250      13056.03      11579.68
   3.8300      13087.84      11615.94
   3.8350      13120.11      11652.43
   3.8400      13152.13      11687.89
   3.8450      13180.33      11723.26
   3.8500      13208.77      11756.70
   3.8550      13238.14      11792.21
   3.8600      13268.90      11827.65
   3.8650      13301.33      11863.07
   3.8700      13333.64      11897.56
   3.8750      13366.73      11929.92
   3.8800      13394.16      11963.32
   3.8850      13422.52      11998.58
   3.8900      13448.66      12034.00
   3.8950      13476.75      12068.40
   3.9000      13504.89      12103.10
   3.9050      13534.05      12137.18
   3.9100      13561.35      12171.57
   3.9150      13590.28      12204.74
   3.9200      13618.10      12237.72
   3.9250      13648.71      12270.09
   3.9300      13679.73      12302.45
   3.9350      13709.23      12336.32
   3.9400      13738.11      12370.45
   3.9450      13766.03      12404.64
   3.9500      13793.04      12439.67
   3.9550      13823.86      12472.65
   3.9600      13852.22      12504.90
   3.9650      13882.01      12535.21
   3.9700      13910.96      12568.61
   3.9750      13939.52      12602.01
   3.9800      13965.96      12634.52
   3.9850      13990.31      12666.52
   3.9900      14014.77      12696.97
   3.9950      14039.91      12728.38
   4.0000      14066.69      12760.75
   4.0050      14092.78      12793.19
   4.0100      14119.67      12824.60
   4.0150      14147.45      12857.04
   4.0200      14175.36      12888.45
   4.0250      14203.30      12919.86
   4.0300      14229.29      12949.42
   4.0350      14253.70      12979.58
   4.0400      14278.84      13009.96
   4.0450      14305.07      13041.37
   4.0500      14333.62      13073.14
   4.0550      14362.37      13103.55
   4.0600      14388.94      13133.37
   4.0650      14413.06      13163.35
   4.0700      14435.99      13193.77
   4.0750      14460.51      13224.18
   4.0800      14484.70      13254.59
   4.0850      14508.37      13282.95
   4.0900      14533.09      13311.30
   4.0950      14559.59      13339.65
   4.1000      14586.64      13368.01
   4.1050      14611.70      13397.39
   4.1100      14634.82      13427.01
   4.1150      14657.69      13456.36
   4.1200      14682.04      13487.77
   4.1250      14707.17      13516.86
   4.1300      14734.05      13545.52
   4.1350      14759.94      13575.70
   4.1400      14786.47      13602.07
   4.1450      14810.01      13631.43
   4.1500      14830.98      13657.72
   4.1550      14850.70      13685.13
   4.1600      14872.53      13711.46
   4.1650      14895.42      13739.69
   4.1700      14919.74      13765.98
   4.1750      14943.10      13795.36
   4.1800      14965.34      13823.72
   4.1850      14989.69      13853.10
   4.1900      15014.81      13878.70
   4.1950      15038.41      13905.68
   4.2000      15061.48      13932.39
   4.2050      15082.55      13959.88
   4.2100      15104.32      13988.20
   4.2150      15127.06      14016.51
   4.2200      15147.55      14043.33
   4.2250      15169.33      14069.62
   4.2300      15189.25      14095.51
   4.2350      15212.92      14121.17
   4.2400      15236.72      14148.16
   4.2450      15259.32      14173.46
   4.2500      15280.16      14199.79
   4.2550      15300.37      14224.86
   4.2600      15321.23      14249.17
   4.2650      15343.36      14273.62
   4.2700      15365.29      14298.92
   4.2750      15386.65      14325.32
   4.2800      15408.71      14352.60
   4.2850      15429.97      14377.89
   4.2900      15450.42      14401.20
   4.2950      15469.20      14424.50
   4.3000      15487.81      14449.77
   4.3050      15506.65      14474.07
   4.3100      15527.40      14500.44
   4.3150      15549.14      14524.95
   4.3200      15569.92      14550.07
   4.3250      15590.95      14574.66
   4.3300      15609.46      14598.68
   4.3350      15629.88      14623.34
   4.3400      15650.88      14648.31
   4.3450      15671.74      14672.62
   4.3500      15691.41      14696.35
   4.3550      15709.81      14720.16
   4.3600      15729.07      14743.46
   4.3650      15747.22      14767.31
   4.3700      15765.79      14790.19
   4.3750      15785.05      14812.89
   4.3800      15803.70      14836.55
   4.3850      15823.59      14860.54
   4.3900      15843.87      14883.85
   4.3950      15862.56      14906.91
   4.4000      15883.54      14927.37
   4.4050      15900.70      14950.85
   4.4100      15917.85      14974.88
   4.4150      15936.07      14998.33
   4.4200      15955.64      15021.63
   4.4250      15975.25      15042.88
   4.4300      15995.84      15066.18
   4.4350      16015.42      15088.42
   4.4400      16034.62      15108.68
   4.4450      16052.87      15130.05
   4.4500      16070.20      15150.30
   4.4550      16087.53      15171.20
   4.4600      16104.85      15192.64
   4.4650      16122.18      15214.92
   4.4700      16139.51      15238.96
   4.4750      16157.38      15261.53
   4.4800      16174.72      15284.47
   4.4850      16191.68      15305.46
   4.4900      16210.32      15326.16
   4.4950      16228.21      15344.94
   4.5000      16246.76      15364.67
   4.5050      16264.22      15385.44
   4.5100      16280.76      15408.64
   4.5150      16297.30      15430.47
   4.5200      16314.14      15450.69
   4.5250      16331.06      15471.27
   4.5300      16348.51      15490.82
   4.5350      16365.74      15511.60
   4.5400      16381.94      15532.36
   4.5450      16398.37      15552.61
   4.5500      16414.08      15572.86
   4.5550      16429.79      15591.17
   4.5600      16445.50      15612.34
   4.5650      16461.21      15632.59
   4.5700      16476.92      15651.83
   4.5750      16492.62      15673.12
   4.5800      16508.33      15695.34
   4.5850      16524.04      15714.63
   4.5900      16539.75      15734.12
   4.5950      16555.46      15752.38
   4.6000      16571.17      15769.41
   4.6050      16586.88      15787.88
   4.6100      16602.59      15806.89
   4.6150      16618.30      15825.83
   4.6200      16634.01      15845.76
   4.6250      16649.46      15861.96
   4.6300      16665.29      15879.19
   4.6350      16679.32      15896.42
   4.6400      16693.09      15913.70
   4.6450      16706.88      15932.95
   4.6500      16720.64      15951.68
   4.6550      16735.85      15969.30
   4.6600      16750.02      15988.77
   4.6650      16764.20      16007.39
   4.6700      16778.38      16024.58
   4.6750      16792.55      16043.56
   4.6800      16807.24      16060.79
   4.6850      16823.21      16078.02
   4.6900      16839.98      16095.26
   4.6950      16857.37      16111.60
   4.7000      16874.26      16130.75
   4.7050      16887.08      16149.01
   4.7100      16896.89      16165.25
   4.7150      16907.73      16183.47
   4.7200      16919.85      16199.68
   4.7250      16936.74      16217.79
   4.7300      16954.97      16235.06
   4.7350      16969.69      16252.41
   4.7400      16983.32      16270.49
   4.7450      16996.29      16288.49
   4.7500      17007.86      16305.14
   4.7550      17021.95      16322.07
   4.7600      17034.73      16338.57
   4.7650      17049.20      16354.41
   4.7700      17062.40      16372.23
   4.7750      17077.48      16389.83
   4.7800      17089.00      16407.58
   4.7850      17103.70      16424.73
   4.7900      17116.55      16440.87
   4.7950      17131.18      16459.06
   4.8000      17144.90      16475.81
   4.8050      17159.46      16493.01
   4.8100      17173.52      16508.83
   4.8150      17189.58      16525.64
   4.8200      17206.06      16543.83
   4.8250      17221.06      16562.82
   4.8300      17235.08      16579.82
   4.8350      17247.68      16596.02
   4.8400      17259.35      16611.20
   4.8450      17273.52      16627.57
   4.8500      17287.70      16645.66
   4.8550      17301.89      16661.88
   4.8600      17317.08      16680.10
   4.8650      17331.26      16695.35
   4.8700      17345.44      16712.53
   4.8750      17359.61      16729.76
   4.8800      17373.62      16745.96
   4.8850      17386.85      16762.37
   4.8900      17399.29      16777.57
   4.8950      17412.20      16794.57
   4.9000      17424.50      16810.05
   4.9050      17440.04      16828.00
   4.9100      17455.49      16844.59
   4.9150      17468.44      16860.41
   4.9200      17482.78      16878.09
   4.9250      17495.25      16893.84
   4.9300      17510.64      16911.07
   4.9350      17526.05      16926.80
   4.9400      17540.08      16943.48
   4.9450      17552.34      16959.28
   4.9500      17563.62      16974.85
   4.9550      17575.29      16989.69
   4.9600      17587.71      17004.90
   4.9650      17599.59      17020.11
   4.9700      17612.48      17035.53
   4.9750      17626.65      17050.52
   4.9800      17640.31      17065.73
   4.9850      17653.45      17081.05
   4.9900      17663.30      17096.14
   4.9950      17671.69      17111.39
   5.0000      17682.59      17126.56
   5.0050      17695.26      17139.70
   5.0100      17709.91      17154.91
   5.0150      17722.34      17168.06
   5.0200      17733.63      17183.27
   5.0250      17745.07      17196.41
   5.0300      17757.05      17210.59
   5.0350      17770.75      17223.73
   5.0400      17780.32      17237.91
   5.0450      17789.70      17250.35
   5.0500      17800.19      17264.20
   5.0550      17810.59      17276.71
   5.0600      17819.80      17289.90
   5.0650      17829.69      17302.61
   5.0700      17840.32      17315.23
   5.0750      17849.35      17326.89
   5.0800      17860.73      17338.95
   5.0850      17870.29      17350.23
   5.0900      17878.89      17360.74
   5.0950      17888.56      17372.89
   5.1000      17897.69      17384.01
   5.1050      17905.43      17396.17
   5.1100      17914.77      17407.05
   5.1150      17922.87      17416.35
   5.1200      17931.16      17426.27
   5.1250      17938.19      17436.40
   5.1300      17946.29      17445.58
   5.1350      17954.34      17455.62
   5.1400      17961.46      17464.69
   5.1450      17967.53      17472.79
   5.1500      17976.58      17483.93
   5.1550      17982.76      17493.12
   5.1600      17988.84      17502.25
   5.1650      17995.07      17512.41
   5.1700      17999.96      17519.48
   5.1750      18006.27      17527.58
   5.1800      18011.35      17534.16
   5.1850      18016.43      17540.69
   5.1900      18019.79      17548.79
   5.1950      18024.53      17555.21
   5.2000      18027.96      17562.32
   5.2050      18029.99      17567.81
   5.2100      18033.59      17573.44
   5.2150      18037.64      17580.54
   5.2200      18042.16      17586.14
   5.2250      18047.80      17589.76
   5.2300      18050.42      17592.81
   5.2350      18052.81      17596.60
   5.2400      18055.50      17602.68
   5.2450      18057.82      17609.78
   5.2500      18061.87      17615.60
   5.2550      18065.92      17618.40
   5.2600      18069.97      17621.45
   5.2650      18072.84      17623.63
   5.2700      18074.75      17628.82
   5.2750      18074.75      17634.82
   5.2800      18074.75      17639.94
   5.2850      18075.79      17644.98
   5.2900      18077.81      17647.00
   5.2950      18079.84      17649.03
   5.3000      18081.86      17650.02
   5.3050      18081.97      17652.05
   5.3100      18081.97      17657.67
   5.3150      18082.79      17663.92
   5.3200      18084.81      17670.00
   5.3250      18086.84      17675.33
   5.3300      18088.86      17676.60
   5.3350      18089.86      17677.95
   5.3400      18092.52      17679.62
   5.3450      18096.57      17682.25
   5.3500      18100.62      17687.44
   5.3550      18103.11      17695.01
   5.3600      18105.13      17701.08
   5.3650      18107.16      17705.67
   5.3700      18109.19      17708.26
   5.3750      18112.24      17710.68
   5.3800      18114.62      17716.11
   5.3850      18117.32      17722.18
   5.3900      18119.63      17728.54
   5.3950      18123.68      17735.12
   5.4000      18127.93      17740.62
   5.4050      18134.18      17747.69
   5.4100      18140.08      17754.76
   5.4150      18145.03      17762.76
   5.4200      18150.17      17767.87
   5.4250      18155.22      17774.94
   5.4300      18161.29      17782.02
   5.4350      18169.91      17790.11
   5.4400      18174.99      17795.18
   5.4450      18176.38      17796.95
