#
# R(Angstrom)    X1Sigma+_0+        a3Pi_0+        a3Pi_0-         a3Pi_1         a3Pi_2         A1Pi_1    B1Sigma+_0+
   1.9000        4379.48       20730.68       20379.17       32274.74       20125.14       31877.65       21460.30
   1.9400        2809.27       18399.42       18048.20       28279.63       17853.61       27943.50       18988.24
   1.9900        1206.11       15763.58       15412.33       23783.61       15274.41       23475.04       16225.96
   2.0800         221.31       12484.18       12484.19       17182.70       12419.73       17140.63       12928.89
   2.1400          47.75       10758.68       10758.69       14284.81       10734.39       14246.48       11247.28
   2.2200         224.24        9281.56        9298.16       11485.18        9300.09       11472.51        9901.00
   2.2900        1509.40        8673.71        8706.02        9992.24        8713.42        9962.62        9498.71
   2.3400        2603.28        8516.52        8576.36        9332.28        8582.99        9274.18        9581.30
   2.3900        3685.08        8503.99        8644.02        8991.73        8649.70        8852.58        9987.38
   2.4400        4793.07        8510.35        8652.16        9017.67        8875.55        8876.02       10598.40
   2.4700        5347.96        8527.12        8623.78        9176.06        9078.17        9079.19       11179.80
   2.5000        5838.32        8581.07        8654.58        9398.34        9327.52        9324.33       11988.20
   2.5500        6872.40        8790.47        8848.42        9891.52        9832.39        9835.74       12881.49
   2.6000        7858.32        9086.79        9134.11       10447.96       10398.73       10402.22       14066.82
   2.6500        8818.84        9479.13        9519.96       11071.26       11027.70       11031.56       15535.90
   2.7000        9763.14        9950.63        9987.11       11744.69       11704.40       11709.01       17265.93
   2.7500       10696.13       10486.22       10519.55       12455.08       12416.56       12422.29       19143.85
   2.8000       11619.85       11072.86       11103.81       13191.76       13154.12       13161.18       20979.12
   2.8500       12534.79       11699.42       11728.51       13946.04       13908.78       13917.24       22471.01
   2.9000       13440.63            nan       12384.09       14710.78       14673.68       14683.47       22266.18
   2.9500       14335.45            nan       13062.51       15480.13       15443.15       15454.14       22206.52
