#
# R(Angstrom)    X1Sigma+_0+        a3Pi_0+         a3Pi_1         a3Pi_2         A1Pi_1    B1Sigma+_0+
   2.2032     18920.4545            nan            nan            nan            nan            nan
   2.3495      7116.4773     26568.6681     20113.6364     21434.6591     26803.9773     27443.1818
   2.4498      2727.2727     19232.6169     15511.3636     16960.2273     19389.2045     19985.7955
   2.5010      1448.8636     16543.3203     13977.2727     15511.3636     16704.5455     17258.5227
   2.5500       639.2045     14370.0249     12741.4773     14446.0227     14531.2500     15042.6136
   2.6006       170.4545     13180.7496     11846.5909     12613.6364     12741.4773     13636.3636
   2.6496         0.0000     11719.7358     11122.1591     11164.7727     11292.6136     13082.3864
   2.7008        85.2273     10526.5539     10099.4318     10014.2045     10568.1818     12741.4773
   2.7505       639.2045      9844.7358      9460.2273      9332.3864     10014.2045     12826.7045
   2.8006      1065.3409      9129.2550      8778.4091      8650.5682      9332.3864     12869.3182
   2.8504      1619.3182      8617.8914      8309.6591      8181.8182      8821.0227     12997.1591
   2.9001      2258.5227      8276.9823      7926.1364      7840.9091      8480.1136     13380.6818
   2.9512      3025.5682      8063.9141      7713.0682      7670.4545      8309.6591     13849.4318
   3.0010      3750.0000      7978.6869      7670.4545      7627.8409      8224.4318     14446.0227
   3.1012      5411.9318      8154.1872      7840.9091      7755.6818      8352.2727     16107.9545
   3.2006      7031.2500      8622.9372      8352.2727      8224.4318      8821.0227     18025.5682
   3.3008      8735.7955      9262.1417      8991.4773            nan      9502.8409     20113.6364
   3.5006     10610.7955     11707.2838     10738.6364     11036.9318     11250.0000     23011.3636
   3.7017     12613.6364     14434.5565     12741.4773     13039.7727     13295.4545     25568.1818
