#
# R(Angstrom)    X1Sigma+_0+        a3Pi_0+        a3Pi_0-         a3Pi_1         a3Pi_2         A1Pi_1
   2.6000      1329.4215     15776.5410     14238.7920     16059.6830     15892.9152     14247.7510
   2.6500       503.7996     13720.9965     12940.1321     13879.6701     13718.7776     12952.5895
   2.7000       155.3463     11926.3941     11877.9868     12097.5865     11924.5308     11883.4254
   2.7500         0.0000     10462.7639     10460.8764     11045.3264     10982.4645     10594.6243
   2.8000        74.4897      9287.5716      9285.7961     10275.0363     10182.0668      9420.6479
   2.8500       422.8201      8534.9602      8534.6639      9779.5833      9652.4460      8668.7300
   2.9000       730.2821      7814.8069      7814.4403      9165.5591      9023.0059      7946.9701
   2.9500      1167.4646      7282.4009      7281.9444      8684.8175      8535.1226      7413.5260
   3.0000      1706.9727      6912.4698      6911.9102      8341.1773      8187.7777      7043.1406
   3.1000      2873.8820      6573.7963      6572.9887      8023.9420      7865.9664      6705.1300
   3.2000      4373.7760      6651.6242      6650.5203      8108.2225      7945.7125      6785.3326
   3.3000      5886.4523      7033.0251      7031.5809      8491.8268      8323.8124      7170.3898
   3.4000      7327.6763      7631.3656      7629.5374      9091.4535      8916.9338      7773.3481
   3.5000      8377.1272      8638.4952      8374.8622      9838.8985      9656.9672      8524.5154
   3.6000      9181.4951      9772.3713      9178.5125     10646.5761     10457.9794      9334.8267
   3.7500     10575.5036     11407.1940     10571.6782     12043.6858     11842.4582     10738.3823
   3.9500     12520.6458     13476.3986     12515.5409     13994.3170     13774.9807     12697.3514
