
# R(Angstrom)   TDM_RaO_X-B   TDM_RaS_X-B   TDM_RaO_X-A   TDM_RaS_X-A
   1.9000      0.049902      0.160710      0.805589      0.902006
   1.9050      0.051405      0.162314      0.809615      0.886278
   1.9100      0.053010      0.163919      0.814219      0.870328
   1.9150      0.054614      0.165422      0.819228      0.854379
   1.9200      0.056283      0.166824      0.824200      0.838476
   1.9250      0.058136      0.168237      0.829470      0.827191
   1.9300      0.059948      0.169629      0.835078      0.824259
   1.9350      0.061839      0.171127      0.840990      0.828970
   1.9400      0.063750      0.171009      0.847060      0.834991
   1.9450      0.065652      0.171186      0.853217      0.840996
   1.9500      0.067460      0.172747      0.859783      0.847413
   1.9550      0.069454      0.176691      0.866429      0.853802
   1.9600      0.071375      0.180635      0.873177      0.860207
   1.9650      0.073182      0.182128      0.881894      0.867887
   1.9700      0.075123      0.181994      0.891563      0.876187
   1.9750      0.076996      0.181459      0.900479      0.884417
   1.9800      0.078701      0.182713      0.905697      0.890777
   1.9850      0.080306      0.183765      0.911651      0.897662
   1.9900      0.081910      0.184917      0.918839      0.904753
   1.9950      0.083584      0.186140      0.925979      0.910558
   2.0000      0.085135      0.187340      0.934714      0.915926
   2.0050      0.086621      0.188642      0.944852      0.925392
   2.0100      0.088024      0.189831      0.955192      0.937753
   2.0150      0.089426      0.190649      0.964766      0.950061
   2.0200      0.090828      0.189039      0.974596      0.959651
   2.0250      0.092230      0.188649      0.985108      0.970005
   2.0300      0.093531      0.190996      0.995725      0.975298
   2.0350      0.094685      0.195833      1.006436      0.969603
   2.0400      0.095838      0.200151      1.017364      0.955666
   2.0450      0.096991      0.200982      1.028790      0.944807
   2.0500      0.098143      0.200450      1.040454      0.941225
   2.0550      0.099296      0.200441      1.052386      0.942836
   2.0600      0.100430      0.201560      1.064689      0.945789
   2.0650      0.101500      0.202712      1.076930      0.948843
   2.0700      0.102653      0.203941      1.089734      0.952200
   2.0750      0.103604      0.205242      1.102598      0.955658
   2.0800      0.104756      0.206574      1.116068      0.959015
   2.0850      0.105707      0.207845      1.129807      0.962137
   2.0900      0.106694      0.209045      1.143539      0.963994
   2.0950      0.107598      0.209166      1.157619      0.965864
   2.1000      0.108501      0.208773      1.172125      0.970362
   2.1050      0.109404      0.209633      1.187544      0.977782
   2.1100      0.110206      0.214034      1.203211      0.985052
   2.1150      0.110907      0.218872      1.219008      0.989280
   2.1200      0.111654      0.221597      1.234612      0.991746
   2.1250      0.112410      0.221768      1.250324      0.994668
   2.1300      0.113212      0.220909      1.266104      0.999049
   2.1350      0.113812      0.222170      1.281009      1.003654
   2.1400      0.114479      0.223774      1.301785      1.008258
   2.1450      0.115114      0.225460      1.324370      1.012945
   2.1500      0.115613      0.227213      1.346778      1.017383
   2.1550      0.116238      0.228966      1.366115      1.020253
   2.1600      0.116813      0.230819      1.385451      1.023995
   2.1650      0.117343      0.232642      1.404788      1.031756
   2.1700      0.117795      0.234024      1.424125      1.043053
   2.1750      0.118145      0.233301      1.443462      1.050188
   2.1800      0.118607      0.233767      1.462799      1.053163
   2.1850      0.119048      0.237218      1.482135      1.055529
   2.1900      0.119399      0.243077      1.501472      1.060380
   2.1950      0.119648      0.248093      1.520809      1.066186
   2.2000      0.119999      0.249779      1.540145      1.071997
   2.2050      0.120350      0.250009      1.559484      1.077404
   2.2100      0.120498      0.251262      1.578815      1.082724
   2.2150      0.120849      0.253574      1.598159      1.086301
   2.2200      0.121199      0.255880      1.617502      1.090345
   2.2250      0.121314      0.258253      1.636776      1.099748
   2.2300      0.121314      0.260755      1.656237      1.112640
   2.2350      0.121314      0.263099      1.675360      1.120075
   2.2400      0.121314      0.265480      1.694130      1.122752
   2.2450      0.121314      0.267497      1.712712      1.126640
   2.2500      0.121314      0.267158      1.730696      1.133143
   2.2550      0.121314      0.268130      1.748323      1.140005
   2.2600      0.121314      0.272524      1.765114      1.146831
   2.2650      0.121314      0.279562      1.780376      1.152962
   2.2700      0.121314      0.284425      1.793699      1.156725
   2.2750      0.121314      0.285892      1.806376      1.160394
   2.2800      0.121161      0.285556      1.819035      1.170659
   2.2850      0.120810      0.286963      1.831703      1.184983
   2.2900      0.120460      0.289063      1.844373      1.194386
   2.2950      0.120404      0.291167      1.856943      1.198207
   2.3000      0.120163      0.293371      1.869769      1.203384
   2.3050      0.119812      0.295387      1.882346      1.210624
   2.3100      0.119495      0.297376      1.894284      1.217817
   2.3150      0.119212      0.299196      1.904666      1.225246
   2.3200      0.118861      0.300791      1.913269      1.230998
   2.3250      0.118410      0.299833      1.920551      1.235147
   2.3300      0.118059      0.299522      1.926548      1.246480
   2.3350      0.117709      0.301485      1.930733      1.261203
   2.3400      0.117358      0.306323      1.933748      1.272766
   2.3450      0.117008      0.310682      1.935772      1.276520
   2.3500      0.116455      0.311887      1.937202      1.282121
   2.3550      0.116104      0.311464      1.938354      1.290026
   2.3600      0.115754      0.311221      1.939196      1.298483
   2.3650      0.115403      0.311870      1.939647      1.306081
   2.3700      0.114853      0.312522      1.939998      1.311291
   2.3750      0.114399      0.312920      1.940348      1.318458
   2.3800      0.114049      0.313528      1.940404      1.333444
   2.3850      0.113698      0.313878      1.940404      1.348763
   2.3900      0.113260      0.314041      1.940316      1.356313
   2.3950      0.112694      0.314041      1.939966      1.361247
   2.4000      0.112343      0.314032      1.939615      1.368799
   2.4050      0.111892      0.313913      1.939164      1.377967
   2.4100      0.111541      0.313660      1.938536      1.386505
   2.4150      0.111090      0.313312      1.937611      1.392405
   2.4200      0.110739      0.312961      1.936629      1.400992
   2.4250      0.110389      0.312613      1.935710      1.416942
   2.4300      0.110038      0.312191      1.934658      1.432613
   2.4350      0.109678      0.311708      1.933505      1.439835
   2.4400      0.109135      0.310997      1.932295      1.445694
   2.4450      0.108578      0.310599      1.930998      1.454247
   2.4500      0.108030      0.310050      1.929592      1.463813
   2.4550      0.107378      0.309499      1.927590      1.471979
   2.4600      0.106879      0.308899      1.925045      1.478060
   2.4650      0.106271      0.308198      1.921122      1.490677
   2.4700      0.105538      0.307497      1.915472      1.507503
   2.4750      0.104689      0.306984      1.907116      1.521647
   2.4800      0.103637      0.306768      1.896215      1.527237
   2.4850      0.102403      0.306768      1.882403      1.534370
   2.4900      0.101075      0.306768      1.867310      1.543830
   2.4950      0.099524      0.306768      1.855870      1.553217
   2.5000      0.097749      0.306768      1.829968      1.560425
   2.5050      0.095779      0.306768      1.781010      1.567864
   2.5100      0.093644      0.306784      1.721313      1.584280
   2.5150      0.091477      0.307134      1.661620      1.601781
   2.5200      0.089033      0.307697      1.601920      1.612022
   2.5250      0.086570      0.308239      1.542228      1.618358
   2.5300      0.083813      0.308792      1.482549      1.626006
   2.5350      0.081206      0.309143      1.422760      1.634858
   2.5400      0.078503      0.309592      1.363248      1.642681
   2.5450      0.075901      0.309697      1.303388      1.650426
   2.5500      0.073197      0.309697      1.243211      1.666005
   2.5550      0.070533      0.309456      1.182354      1.683353
   2.5600      0.068065      0.310135      1.121333      1.695045
   2.5650      0.065726      0.310661      1.061502      1.700431
   2.5700      0.063555      0.310010      1.003351      1.709032
   2.5750      0.061553      0.306604      0.947168      1.719683
   2.5800      0.059727      0.303055      0.893035      1.728517
   2.5850      0.058075      0.301260      0.842550      1.735772
   2.5900      0.056763      0.301400      0.795385      1.750872
   2.5950      0.055727      0.302378      0.751964      1.768617
   2.6000      0.055190      0.301326      0.711842      1.781641
   2.6050      0.054950      0.300174      0.675414      1.787453
   2.6100      0.054950      0.299122      0.642255      1.795422
   2.6150      0.054954      0.297868      0.612452      1.805446
   2.6200      0.055304      0.296766      0.586298      1.814204
   2.6250      0.055854      0.295763      0.565839      1.820269
   2.6300      0.056656      0.294612      0.550367      1.831660
   2.6350      0.057745      0.293561      0.537241      1.847998
   2.6400      0.058906      0.293519      0.523939      1.862432
   2.6450      0.059957      0.292591      0.510628      1.867504
   2.6500      0.061143      0.290107      0.497398      1.873222
   2.6550      0.062424      0.286360      0.483899      1.881472
   2.6600      0.063516      0.282782      0.470912      1.890074
   2.6650      0.064669      0.282309      0.458821      1.898060
   2.6700      0.065822      0.283030      0.447991      1.903466
   2.6750      0.066805      0.283430      0.438074      1.908248
   2.6800      0.067506      0.282060      0.428981      1.921364
   2.6850      0.068144      0.280759      0.419844      1.935971
   2.6900      0.068495      0.279366      0.410768      1.944904
   2.6950      0.068586      0.278056      0.401641      1.948112
   2.7000      0.068280      0.276755      0.392431      1.953393
   2.7050      0.067676      0.275504      0.382566      1.959956
   2.7100      0.066773      0.274251      0.372402      1.966816
   2.7150      0.065724      0.273861      0.361986      1.973479
   2.7200      0.064378      0.275072      0.351074      1.978702
   2.7250      0.062673      0.274664      0.340044      1.980948
   2.7300      0.060896      0.270977      0.328561      1.983860
   2.7350      0.058994      0.265929      0.317060      1.990763
   2.7400      0.056891      0.262087      0.305565      2.001450
   2.7450      0.054788      0.261049      0.295486      2.008213
   2.7500      0.052684      0.260984      0.284388      2.011292
   2.7550      0.050581      0.259449      0.265854      2.012693
   2.7600      0.048478      0.256963      0.247173      2.015599
   2.7650      0.046375      0.254642      0.236077      2.018272
   2.7700      0.044271      0.252087      0.229417      2.020375
   2.7750      0.042278      0.249725      0.222609      2.021854
   2.7800      0.040380      0.247180      0.214442      2.023256
   2.7850      0.038574      0.244830      0.204867      2.024248
   2.7900      0.037070      0.243283      0.195349      2.024798
   2.7950      0.035766      0.243953      0.186330      2.024792
   2.8000      0.034759      0.244735      0.178152      2.024005
   2.8050      0.033957      0.244238      0.170496      2.022584
   2.8100      0.033396      0.242754      0.163530      2.020914
   2.8150      0.033132      0.241269      0.156715      2.019244
   2.8200      0.033132      0.240164      0.150385      2.018591
   2.8250      0.033132      0.239946      0.144776      2.019020
   2.8300      0.033361      0.240458      0.139854      2.019771
   2.8350      0.033711      0.240984      0.135573      2.019447
   2.8400      0.034264      0.241314      0.131791      2.018969
   2.8450      0.034784      0.241144      0.128306      2.018686
   2.8500      0.035687      0.240779      0.125003      2.019004
   2.8550      0.036551      0.239914      0.122026      2.019355
   2.8600      0.037493      0.238954      0.119222      2.020228
   2.8650      0.038352      0.237496      0.116619      2.021595
   2.8700      0.039299      0.237074      0.114525      2.023128
   2.8750      0.040152      0.236782      0.112425      2.022196
   2.8800      0.041103      0.234971      0.110327      2.021705
   2.8850      0.042053      0.229530      0.108420      2.023127
   2.8900      0.043004      0.223671      0.106519      2.026677
   2.8950      0.043821      0.221144      0.104757      2.030226
   2.9000      0.044522      0.221159      0.103019      2.032568
   2.9050      0.045122      0.221983      0.101421      2.033404
   2.9100      0.045535      0.220488      0.099722      2.033131
   2.9150      0.045987      0.218682      0.097921      2.032902
   2.9200      0.046337      0.216902      0.096074      2.032376
   2.9250      0.046688      0.215271      0.094119      2.031473
   2.9300      0.046768      0.213700      0.092419      2.030671
   2.9350      0.046768      0.212149      0.090720      2.029450
   2.9400      0.046768      0.210598      0.088858      2.028033
   2.9450      0.046768      0.209412      0.086918      2.026126
   2.9500      0.046768      0.209805      0.085117      2.025421
   2.9550      0.046664      0.208957      0.083323      2.025208
   2.9600      0.046314      0.205468      0.081769      2.023370
   2.9650      0.045963      0.200630      0.080114      2.017390
   2.9700      0.045859      0.196652      0.078510      2.010496
   2.9750      0.045767      0.195890      0.077200      2.006763
   2.9800      0.045417      0.196378      0.075807      2.005392
   2.9850      0.045066      0.195647      0.074505      2.004348
   2.9900      0.044950      0.193947      0.073374      2.000988
   2.9950      0.044950      0.192328      0.072185      1.997121
   3.0000      0.044924      0.190650      0.071107      1.993063
   3.0050      0.044573      0.188923      0.070459      1.988459
   3.0100      0.044222      0.187171      0.069879      1.983571
   3.0150      0.044041      0.185587      0.068988      1.979589
   3.0200      0.043925      0.183983      0.068052      1.977455
   3.0250      0.043575      0.184415      0.067475      1.972454
   3.0300      0.043224      0.185051      0.067374      1.961585
   3.0350      0.043132      0.184072      0.067116      1.949399
   3.0400      0.043132      0.179276      0.066768      1.943136
   3.0450      0.043132      0.174228      0.066768      1.940306
   3.0500      0.043034      0.171632      0.066768      1.935612
   3.0550      0.042684      0.170880      0.066768      1.928813
   3.0600      0.042333      0.170928      0.066768      1.921903
   3.0650      0.042223      0.169242      0.066768      1.914122
   3.0700      0.042223      0.167536      0.066768      1.907921
   3.0750      0.042089      0.166033      0.066768      1.903083
   3.0800      0.041739      0.164429      0.066768      1.890265
   3.0850      0.041388      0.162798      0.066768      1.874624
   3.0900      0.041314      0.161174      0.066768      1.863230
   3.0950      0.041314      0.159717      0.066546      1.858341
   3.1000      0.041314      0.158992      0.066195      1.851268
   3.1050      0.041198      0.159459      0.065859      1.841734
   3.1100      0.040848      0.158537      0.065859      1.832493
   3.1150      0.040497      0.154653      0.065859      1.825428
   3.1200      0.040405      0.149815      0.065859      1.812396
   3.1250      0.040099      0.146579      0.065554      1.794675
   3.1300      0.039749      0.146101      0.065203      1.778857
   3.1350      0.039495      0.146855      0.064751      1.771575
   3.1400      0.039249      0.145683      0.064401      1.763301
   3.1450      0.038899      0.144079      0.063959      1.752425
   3.1500      0.038548      0.142475      0.063599      1.742435
   3.1550      0.038198      0.140971      0.063248      1.725898
   3.1600      0.037847      0.139468      0.063132      1.706135
   3.1650      0.037677      0.138066      0.063132      1.688888
   3.1700      0.037651      0.136563      0.062803      1.681345
   3.1750      0.037301      0.135133      0.062379      1.672585
   3.1800      0.036950      0.135965      0.061799      1.661295
   3.1850      0.036600      0.136285      0.061313      1.646819
   3.1900      0.036249      0.134633      0.060895      1.625413
   3.1950      0.035898      0.129796      0.060500      1.604573
   3.2000      0.035750      0.125003      0.060057      1.591746
   3.2050      0.035399      0.123443      0.059799      1.585101
   3.2100      0.035049      0.123494      0.059495      1.577062
   3.2150      0.034799      0.123741      0.059495      1.565660
   3.2200      0.034449      0.122339      0.059196      1.554680
   3.2250      0.034098      0.120980      0.058846      1.538114
   3.2300      0.034041      0.119727      0.058394      1.515328
   3.2350      0.034041      0.118334      0.058043      1.492535
   3.2400      0.033754      0.116932      0.057608      1.478869
   3.2450      0.033403      0.115460      0.057241      1.468066
   3.2500      0.033132      0.114207      0.056891      1.459783
   3.2550      0.033132      0.113557      0.056641      1.446560
   3.2600      0.032856      0.113294      0.056291      1.424172
   3.2650      0.032506      0.111987      0.055940      1.400182
   3.2700      0.032223      0.108661      0.055859      1.383700
   3.2750      0.032223      0.104914      0.055859      1.372768
   3.2800      0.032223      0.102308      0.055596      1.363922
   3.2850      0.032223      0.102146      0.055245      1.345945
   3.2900      0.031965      0.102950      0.054793      1.322386
   3.2950      0.031615      0.102114      0.054443      1.300467
   3.3000      0.031314      0.100711      0.054043      1.287961
   3.3050      0.031314      0.099309      0.053641      1.277783
   3.3100      0.031314      0.097950      0.053290      1.268566
   3.3150      0.031020      0.096707      0.052940      1.249007
   3.3200      0.030670      0.095405      0.052589      1.226431
   3.3250      0.030405      0.094003      0.052239      1.207713
   3.3300      0.030405      0.092633      0.052223      1.196291
   3.3350      0.030405      0.093485      0.052223      1.186202
   3.3400      0.030405      0.094218      0.051995      1.178661
   3.3450      0.030405      0.093240      0.051644      1.163384
   3.3500      0.030385      0.088556      0.051193      1.141927
   3.3550      0.030034      0.083719      0.050842      1.121570
   3.3600      0.029684      0.081681      0.050262      1.109041
   3.3650      0.029495      0.081431      0.049737      1.097981
   3.3700      0.029495      0.081795      0.049387      1.089665
   3.3750      0.029495      0.080486      0.049137      1.079140
   3.3800      0.029494      0.079084      0.048787      1.059388
   3.3850      0.029143      0.077731      0.048586      1.039022
   3.3900      0.028792      0.076583      0.048586      1.025768
   3.3950      0.028586      0.075426      0.048586      1.014787
   3.4000      0.028586      0.074172      0.048586      1.004495
   3.4050      0.028448      0.072918      0.048309      0.997179
   3.4100      0.028097      0.072106      0.047608      0.986332
   3.4150      0.027715      0.071765      0.046674      0.967309
   3.4200      0.027295      0.070562      0.046184      0.948158
   3.4250      0.026945      0.067646      0.045834      0.936408
   3.4300      0.026768      0.064097      0.045483      0.925946
   3.4350      0.026768      0.061448      0.045132      0.915774
   3.4400      0.026768      0.061709      0.044950      0.908355
   3.4450      0.026768      0.063011      0.044950      0.899994
   3.4500      0.026646      0.063190      0.044828      0.882166
   3.4550      0.025945      0.061897      0.044127      0.863544
   3.4600      0.025244      0.060790      0.043426      0.851468
   3.4650      0.024950      0.059999      0.043029      0.842474
   3.4700      0.024950      0.059648      0.042378      0.831604
   3.4750      0.024950      0.058801      0.041129      0.823117
   3.4800      0.024950      0.057750      0.040015      0.817130
   3.4850      0.024950      0.056597      0.039506      0.804049
   3.4900      0.024950      0.057306      0.039570      0.786282
   3.4950      0.024950      0.059119      0.040271      0.771041
   3.5000      0.024950      0.060401      0.040972      0.763119
   3.5050      0.024950      0.058781      0.041314      0.754078
   3.5100      0.024723      0.056554      0.041314      0.743685
   3.5150      0.024372      0.054378      0.040618      0.735788
   3.5200      0.023921      0.052881      0.039216      0.729136
   3.5250      0.023503      0.052247      0.037814      0.714400
   3.5300      0.022802      0.052223      0.037448      0.697526
   3.5350      0.022364      0.052223      0.036747      0.684984
   3.5400      0.022223      0.052223      0.036054      0.679347
   3.5450      0.022223      0.051911      0.035345      0.671501
   3.5500      0.022223      0.051210      0.034644      0.662080
   3.5550      0.022223      0.050408      0.034041      0.653315
   3.5600      0.022223      0.049904      0.034041      0.647239
   3.5650      0.022223      0.049639      0.034041      0.642075
   3.5700      0.022223      0.050006      0.034807      0.627906
   3.5750      0.022223      0.050437      0.036209      0.611679
   3.5800      0.022223      0.050649      0.037612      0.600442
   3.5850      0.022223      0.050824      0.037677      0.595066
   3.5900      0.022223      0.050999      0.037677      0.587328
   3.5950      0.022223      0.050914      0.036567      0.578311
   3.6000      0.022223      0.050320      0.035164      0.570394
   3.6050      0.022223      0.049659      0.034041      0.564619
   3.6100      0.022223      0.049495      0.034041      0.559040
   3.6150      0.022007      0.049495      0.034041      0.545304
   3.6200      0.021495      0.049495      0.034041      0.530318
   3.6250      0.020801      0.049495      0.034041      0.521255
   3.6300      0.020451      0.049495      0.034041      0.517314
   3.6350      0.020302      0.049495      0.033939      0.511287
   3.6400      0.019952      0.049495      0.033588      0.503573
   3.6450      0.019601      0.049495      0.033237      0.495558
   3.6500      0.019495      0.050878      0.033074      0.488608
   3.6550      0.019495      0.052330      0.033616      0.484328
   3.6600      0.019495      0.053107      0.034455      0.479446
   3.6650      0.019495      0.052365      0.034933      0.466759
   3.6700      0.019495      0.051622      0.034919      0.452749
   3.6750      0.019495      0.050963      0.034008      0.445400
   3.6800      0.019495      0.050202      0.032956      0.442933
   3.6850      0.019495      0.049726      0.032223      0.437831
   3.6900      0.019495      0.049495      0.032223      0.431073
   3.6950      0.019495      0.049495      0.032223      0.424696
   3.7000      0.019495      0.049495      0.032223      0.418528
   3.7050      0.019495      0.049495      0.032223      0.412809
   3.7100      0.019495      0.049495      0.032223      0.409575
   3.7150      0.019495      0.049495      0.032223      0.406612
   3.7200      0.019393      0.049495      0.032223      0.397839
   3.7250      0.019043      0.049245      0.032223      0.384930
   3.7300      0.018394      0.049289      0.032723      0.376973
   3.7350      0.017938      0.048666      0.033174      0.374189
   3.7400      0.017486      0.047347      0.033345      0.370939
   3.7450      0.017136      0.045178      0.033196      0.365915
   3.7500      0.016785      0.043009      0.032963      0.360758
   3.7550      0.016768      0.044011      0.031968      0.355732
   3.7600      0.016768      0.045699      0.030215      0.350824
   3.7650      0.016768      0.047098      0.028941      0.346343
   3.7700      0.016768      0.046292      0.028586      0.343982
   3.7750      0.016768      0.045941      0.028586      0.341257
   3.7800      0.016768      0.045591      0.028586      0.335251
   3.7850      0.016654      0.045240      0.028586      0.325159
   3.7900      0.016304      0.044950      0.028324      0.318206
   3.7950      0.015953      0.044727      0.027765      0.315573
   3.8000      0.015859      0.043676      0.027118      0.314624
   3.8050      0.015859      0.042523      0.026768      0.311911
   3.8100      0.015560      0.041586      0.027620      0.308352
   3.8150      0.014859      0.040559      0.028475      0.305001
   3.8200      0.014344      0.039285      0.029150      0.301681
   3.8250      0.014243      0.037986      0.028799      0.298495
   3.8300      0.014243      0.036686      0.028331      0.295595
   3.8350      0.014041      0.036020      0.025490      0.292729
   3.8400      0.013808      0.035454      0.022716      0.292297
   3.8450      0.013458      0.034840      0.021337      0.291223
   3.8500      0.013132      0.034295      0.020860      0.288062
   3.8550      0.013132      0.033666      0.020159      0.282428
   3.8600      0.012691      0.032874      0.019238      0.277216
   3.8650      0.011989      0.031822      0.018186      0.275100
   3.8700      0.011554      0.030846      0.017138      0.274457
   3.8750      0.015612      0.032040      0.016999      0.273781
   3.8800      0.019158      0.033051      0.017554      0.272196
   3.8850      0.020003      0.032962      0.018389      0.270794
   3.8900      0.015750      0.031615      0.020096      0.269185
